group=org.eclipse.jgit
maven_version=3.6.3
jgit_version=5.6.1.202002131546-r
version=5.6.1.202002131546-r-s3patch10
